+--------+-----+-----+-----------+---------+---------------------+-------------------------+-------+-------+
| Matrix | N   | P   | n_nonzero | n_total | no of correct zeros | no of correct non-zeros | F1    | RMSE  |
+--------+-----+-----+-----------+---------+---------------------+-------------------------+-------+-------+
| A      | 200 | 30  | 2         | 6       | 3.403               | 2                       | 0.894 | 0.044 |
| A      | 200 | 60  | 2         | 6       | 3.651               | 2                       | 0.935 | 0.028 |
| A      | 200 | 120 | 2         | 6       | 3.960               | 2                       | 0.992 | 0.048 |
| A      | 200 | 240 | 2         | 6       | 4.000               | 2                       | 1.000 | 0.135 |
| B      | 200 | 30  | 3         | 6       | 1.338               | 3                       | 0.794 | 0.102 |
| B      | 200 | 60  | 3         | 6       | 1.041               | 3                       | 0.763 | 0.087 |
| B      | 200 | 120 | 3         | 6       | 1.255               | 3                       | 0.784 | 0.085 |
| B      | 200 | 240 | 3         | 6       | 1.245               | 3                       | 0.780 | 0.122 |
+--------+-----+-----+-----------+---------+---------------------+-------------------------+-------+-------+
