+---------+-----+-----+-----------+---------+-----------------------+-------+
| Matrix  | N   | P   | n_nonzero | n_total | nonzero_recovery_rate | RMSE  |
+---------+-----+-----+-----------+---------+-----------------------+-------+
| alpha_0 | 200 | 30  | 3         | 3       | 1                     | 0.068 |
| alpha_0 | 200 | 60  | 3         | 3       | 1                     | 0.048 |
| alpha_0 | 200 | 120 | 3         | 3       | 1                     | 0.085 |
| alpha_0 | 200 | 240 | 3         | 3       | 1                     | 0.232 |
| beta_0  | 200 | 30  | 3         | 3       | 1                     | 0.159 |
| beta_0  | 200 | 60  | 3         | 3       | 1                     | 0.138 |
| beta_0  | 200 | 120 | 3         | 3       | 1                     | 0.203 |
| beta_0  | 200 | 240 | 3         | 3       | 1                     | 0.493 |
+---------+-----+-----+-----------+---------+-----------------------+-------+
